[1.54058520868420601, -0.8819639682769775, 0.24426956474781036]
[1.5814536064863205, -0.8812801241874695, 0.4990326166152954]
[1.60163835883140564, -0.8804802298545837, 0.819128692150116]
[1.63501713573932648, -0.8791921734809875, 1.153626799583435]
[1.6559478223323822, -0.8777425289154053, 1.5026447772979736]
[1.6717498254776001, -0.8758563995361328, 1.8859440088272095]
[1.7098122048377991, -0.873963475227356, 2.373248815536499]
[1.73540342450141907, -0.8539403676986694, 2.968236207962036]
[1.7725858569145203, -0.7802032232284546, 3.61586332321167]
[1.8077154874801636, -0.761174201965332, 4.355114459991455]
[1.958074402809143, -0.7716957926750183, 5.173743724822998]
[2.0178433418273926, -0.8395041823387146, 6.038478374481201]
[2.1851138830184937, -0.8772552609443665, 6.951005458831787]
[2.258661150932312, -0.8344407081604004, 7.899267673492432]
[2.3439700841903687, -0.788372814655304, 8.918261528015137]
[2.452700424194336, -0.80742347240448, 10.051026344299316]
[2.586679172515869, -0.8527643084526062, 11.312947273254395]
[2.7828842163085938, -0.8346409797668457, 12.90755558013916]
[3.047244071960449, -0.824370265007019, 14.871548652648926]
[3.4783129692077637, -0.8134136199951172, 17.198680877685547]
[3.9734771251678467, -0.7967275381088257, 19.908754348754883]
[4.596014499664307, -0.7752544283866882, 22.898487091064453]
[5.29957389831543, -0.7417746782302856, 26.10063934326172]
[6.05716609954834, -0.6927484273910522, 29.397844314575195]
[6.824328422546387, -0.633834719657898, 32.636375427246094]
[7.646727561950684, -0.5747796297073364, 35.74137878417969]
[8.59219741821289, -0.5113369226455688, 38.707183837890625]
[9.675070762634277, -0.4433113932609558, 41.484439849853516]
[10.77119255065918, -0.3737497925758362, 44.07951736450195]
[11.868535041809082, -0.3008161187171936, 46.60736846923828]
[12.83842658996582, -0.2312106341123581, 49.15201187133789]
[13.727555274963379, -0.16523221135139465, 51.65317916870117]
[14.569844245910645, -0.09990986436605453, 54.06341552734375]
[15.391722679138184, -0.033577218651771545, 56.4561882019043]
[16.204023361206055, 0.03842548280954361, 58.852813720703125]
[17.02372169494629, 0.11881522089242935, 61.29132080078125]
[17.626384735107422, 0.1981208622455597, 63.84211730957031]
[18.072078704833984, 0.28177762031555176, 66.49172973632812]
[18.462026596069336, 0.38250869512557983, 69.07376861572266]
[18.803436279296875, 0.5017393231391907, 71.62057495117188]
[19.08125877380371, 0.625041127204895, 74.08918762207031]
[19.200590133666992, 0.7394312620162964, 76.49169158935547]
[19.074377059936523, 0.8367793560028076, 78.78299713134766]
[18.833162307739258, 0.9279725551605225, 80.95753479003906]
[18.582487106323242, 1.0242633819580078, 83.06936645507812]
[18.339160919189453, 1.1258037090301514, 85.1029281616211]
[17.97744369506836, 1.2272775173187256, 87.12429809570312]
[17.59515380859375, 1.3421326875686646, 89.12969970703125]
[17.09140968322754, 1.4506069421768188, 91.03314971923828]
[16.50218391418457, 1.561546802520752, 92.87902069091797]
[15.817791938781738, 1.6706804037094116, 94.55635070800781]
[14.983868598937988, 1.7743912935256958, 96.09061431884766]
[13.986822128295898, 1.8515067100524902, 97.33863830566406]
[12.817933082580566, 1.9097793102264404, 98.26770782470703]
[11.528505325317383, 1.948763370513916, 98.91900634765625]
[10.241579055786133, 1.9814872741699219, 99.34143829345703]
[8.946599960327148, 2.0233898162841797, 99.79500579833984]
[7.588953971862793, 2.07637095451355, 100.22048950195312]
[6.2032341957092285, 2.132861375808716, 100.46652221679688]
[4.799948692321777, 2.17509126663208, 100.50714111328125]
[3.3720505237579346, 2.2180161476135254, 100.43055725097656]
[1.9454675912857056, 2.274773597717285, 100.3218765258789]
[0.4815756678581238, 2.3546767234802246, 100.27439880371094]
[-0.9242660999298096, 2.4420950412750244, 100.24840545654297]
[-2.3082480430603027, 2.5328733921051025, 100.22171020507812]
[-3.7190709114074707, 2.6344215869903564, 100.19712829589844]
[-5.090760231018066, 2.7358694076538086, 100.16851043701172]
[-6.490819931030273, 2.8366494178771973, 100.09687042236328]
[-7.933252811431885, 2.9418249130249023, 100.02641296386719]
[-9.48039722442627, 3.0620920658111572, 99.95970153808594]
[-11.141877174377441, 3.1827614307403564, 99.8285140991211]
[-12.927711486816406, 3.30625581741333, 99.58265686035156]
[-14.796602249145508, 3.427833080291748, 99.25724792480469]
[-16.603300094604492, 3.5489587783813477, 98.94861602783203]
[-18.390233993530273, 3.675954818725586, 98.7610855102539]
[-20.1385498046875, 3.79117488861084, 98.6032943725586]
[-21.805997848510742, 3.901960849761963, 98.43841552734375]
[-23.41408920288086, 4.005653381347656, 98.27819061279297]
[-25.02754783630371, 4.107993125915527, 98.11662292480469]
[-26.801597595214844, 4.2158284187316895, 97.93367004394531]
[-28.776451110839844, 4.328779220581055, 97.72758483886719]
[-30.972705841064453, 4.445080280303955, 97.4378662109375]
[-33.385520935058594, 4.569532871246338, 97.10028839111328]
[-35.90762710571289, 4.690032005310059, 96.74153900146484]
[-38.527618408203125, 4.799752712249756, 96.36189270019531]
[-41.362369537353516, 4.872299671173096, 95.95005798339844]
[-44.435585021972656, 4.92843770980835, 95.50723266601562]
[-47.831398010253906, 4.985036849975586, 95.01679229736328]
[-51.587188720703125, 5.057000637054443, 94.47090911865234]
[-55.642662048339844, 5.13352108001709, 93.8803482055664]
[-59.980804443359375, 5.213327884674072, 93.24833679199219]
[-64.55036163330078, 5.295718193054199, 92.5796127319336]
[-69.1060562133789, 5.3766703605651855, 91.90768432617188]
[-73.4732666015625, 5.451817512512207, 91.14244079589844]
[-77.65788269042969, 5.519579887390137, 90.31917572021484]
[-81.6474380493164, 5.582165718078613, 89.48597717285156]
[-85.45370483398438, 5.639312267303467, 88.64861297607422]
[-89.12055206298828, 5.692175388336182, 87.82418823242188]
[-92.67816925048828, 5.7414727210998535, 87.01628875732422]
[-96.15220642089844, 5.787367820739746, 86.22871398925781]
[-99.54827117919922, 5.830183506011963, 85.56230163574219]
[-102.86875915527344, 5.869744300842285, 84.96900177001953]
[-106.01786804199219, 5.905086994171143, 84.57625579833984]
[-109.03597259521484, 5.936120986938477, 84.36016082763672]
[-111.96282958984375, 5.963281154632568, 84.20700073242188]
[-114.75870513916016, 5.987318992614746, 84.08193969726562]
[-117.48453521728516, 6.008669376373291, 83.97764587402344]
[-120.2335205078125, 6.027542591094971, 83.87611389160156]
[-123.01750946044922, 6.044310569763184, 83.92423248291016]
[-125.81232452392578, 6.057828903198242, 84.14193725585938]
[-128.56246948242188, 6.067286968231201, 84.41809844970703]
[-131.20936584472656, 6.074985504150391, 84.70330810546875]
[-133.767333984375, 6.081448554992676, 85.00025939941406]
[-136.21359252929688, 6.086737155914307, 85.29436492919922]
[-138.6573486328125, 6.091536998748779, 85.68895721435547]
[-141.0603485107422, 6.096595764160156, 86.27693176269531]
[-143.3613739013672, 6.1012773513793945, 87.06804656982422]
[-145.4899444580078, 6.104137420654297, 88.0323715209961]
[-147.5723114013672, 6.10720682144165, 89.15747833251953]
[-149.41514587402344, 6.105283260345459, 90.61774444580078]
[-150.9908905029297, 6.09289026260376, 92.43035125732422]
[-152.32089233398438, 6.069871425628662, 94.46464538574219]
[-153.6006622314453, 6.042582988739014, 96.57106018066406]
[-154.83030700683594, 6.011574745178223, 98.82080078125]
[-156.0063018798828, 5.977062702178955, 101.0973129272461]
[-157.14691162109375, 5.945542812347412, 103.33666229248047]
[-158.23680114746094, 5.9195661544799805, 105.50848388671875]
[-159.30880737304688, 5.900696277618408, 107.6570053100586]
[-160.30152893066406, 5.875031471252441, 109.891357421875]
[-161.2411651611328, 5.850343227386475, 112.15137481689453]
[-162.03582763671875, 5.822032451629639, 114.42011260986328]
[-162.72186279296875, 5.787215232849121, 116.68489074707031]
[-163.28753662109375, 5.749323844909668, 118.90473175048828]
[-163.81460571289062, 5.708043575286865, 121.11170959472656]
[-164.31549072265625, 5.672667503356934, 123.25049591064453]
[-164.78814697265625, 5.640613079071045, 125.32403564453125]
[-165.1201171875, 5.58774995803833, 127.53121185302734]
[-165.26596069335938, 5.510519504547119, 129.89825439453125]
[-165.24961853027344, 5.4132280349731445, 132.2855987548828]
[-165.20376586914062, 5.318352222442627, 134.6158905029297]
[-165.07931518554688, 5.21757173538208, 136.92697143554688]
[-165.0469512939453, 5.129578113555908, 139.15802001953125]
[-165.03262329101562, 5.049224376678467, 141.3134002685547]
[-164.86660766601562, 4.955892086029053, 143.4351806640625]
[-164.62220764160156, 4.855170726776123, 145.5569305419922]
[-164.3842315673828, 4.759181022644043, 147.65158081054688]
[-164.145263671875, 4.6699957847595215, 149.7096405029297]
[-163.90011596679688, 4.590251922607422, 151.71261596679688]
[-163.64981079101562, 4.507761478424072, 153.65261840820312]
[-163.3218231201172, 4.420248508453369, 155.51608276367188]
[-162.726318359375, 4.298507213592529, 157.31924438476562]
[-161.83493041992188, 4.1367998123168945, 159.11117553710938]
[-160.71856689453125, 3.954977035522461, 160.7533416748047]
[-159.4139862060547, 3.7536673545837402, 162.2732696533203]
[-157.9736328125, 3.5393548011779785, 163.74002075195312]
[-156.54212951660156, 3.336235761642456, 165.19287109375]
[-155.10464477539062, 3.13871431350708, 166.6624298095703]
[-153.63636779785156, 2.941469192504883, 168.05679321289062]
[-152.13641357421875, 2.743802785873413, 169.36721801757812]
[-150.6412811279297, 2.5500059127807617, 170.6645965576172]
[-149.1659698486328, 2.362222671508789, 171.94862365722656]
[-147.64437866210938, 2.172161817550659, 173.23680114746094]
[-146.01336669921875, 1.9712504148483276, 174.46946716308594]
[-144.21286010742188, 1.7527763843536377, 175.60227966308594]
[-142.3518829345703, 1.5335578918457031, 176.68606567382812]
[-140.49502563476562, 1.3216581344604492, 177.7667236328125]
[-138.6591796875, 1.11974036693573, 178.8304901123047]
[-136.8135986328125, 0.924856424331665, 179.89537048339844]
[-134.9413604736328, 0.7362942099571228, 180.9698944091797]
[-132.9547882080078, 0.548167884349823, 182.1023712158203]
[-130.7132110595703, 0.3510936498641968, 183.38099670410156]
[-128.1597137451172, 0.14911779761314392, 184.83396911621094]
[-125.3279037475586, -0.04503828287124634, 186.4405059814453]
[-122.26266479492188, -0.22794248163700104, 188.17733764648438]
[-118.97386932373047, -0.3905165493488312, 190.03277587890625]
[-115.49871826171875, -0.5209499597549438, 191.99041748046875]
[-111.90750122070312, -0.6174218654632568, 193.9769287109375]
[-108.16539764404297, -0.6916936039924622, 195.76626586914062]
[-104.34297180175781, -0.7458155751228333, 197.2998809814453]
[-100.58757781982422, -0.7768694162368774, 198.64427185058594]
[-96.96247863769531, -0.7899942994117737, 199.84442138671875]
[-93.51396942138672, -0.7893635630607605, 201.0236358642578]
[-90.1981201171875, -0.7789414525032043, 202.19769287109375]
[-86.93607330322266, -0.7635725736618042, 203.31591796875]
[-83.70171356201172, -0.7461717128753662, 204.40118408203125]
[-80.58210754394531, -0.7283236980438232, 205.4407196044922]
[-77.49177551269531, -0.704211413860321, 206.46392822265625]
[-74.4620132446289, -0.6622856855392456, 207.45944213867188]
[-71.53809356689453, -0.5993924140930176, 208.4150848388672]
[-68.60317993164062, -0.5216199159622192, 209.36993408203125]
[-65.52932739257812, -0.426088809967041, 210.36520385742188]
[-62.46957778930664, -0.3150973916053772, 211.35165405273438]
[-59.48895263671875, -0.1974087506532669, 212.19497680664062]
[-56.56187057495117, -0.07835512608289719, 212.80360412597656]
[-53.813289642333984, 0.03133012354373932, 212.99081420898438]
[-51.1711311340332, 0.13556505739688873, 212.8595428466797]
[-48.648197174072266, 0.24022513628005981, 212.59893798828125]
[-46.242332458496094, 0.3493971824645996, 212.30372619628906]
[-43.94118118286133, 0.45991453528404236, 211.88113403320312]
[-41.766075134277344, 0.5715771317481995, 211.2249298095703]
[-39.70472717285156, 0.6827750205993652, 210.27505493164062]
[-37.813140869140625, 0.7940959930419922, 209.16802978515625]
[-36.01365280151367, 0.907843291759491, 207.95042419433594]
[-34.269657135009766, 1.025125503540039, 206.6737060546875]
[-32.50520706176758, 1.148614764213562, 205.3536376953125]
[-30.680166244506836, 1.2811535596847534, 203.98805236816406]
[-28.837051391601562, 1.417541265487671, 202.4827117919922]
[-27.001256942749023, 1.5532535314559937, 200.79603576660156]
[-25.25333023071289, 1.6824359893798828, 198.84075927734375]
[-23.701873779296875, 1.7986339330673218, 196.52613830566406]
[-22.668081283569336, 1.8819316625595093, 193.94662475585938]
[-22.199195861816406, 1.9304401874542236, 191.1892852783203]
[-22.169893264770508, 1.9543043375015259, 188.33187866210938]
[-22.46630859375, 1.9636659622192383, 185.4967803955078]
[-23.134033203125, 1.9588732719421387, 182.7758331298828]
[-24.32797622680664, 1.916387915611267, 180.3319091796875]
[-26.001781463623047, 1.8345577716827393, 178.08534240722656]
[-27.869766235351562, 1.7349056005477905, 175.87472534179688]
[-29.80392074584961, 1.6296110153198242, 173.57350158691406]
[-31.775949478149414, 1.5208213329315186, 171.1052703857422]
[-33.793365478515625, 1.405418872833252, 168.51658630371094]
[-35.771907806396484, 1.2866981029510498, 165.9554443359375]
[-37.70563888549805, 1.16438889503479, 163.4188995361328]
[-39.61886215209961, 1.0394600629806519, 160.97314453125]
[-41.516029357910156, 0.9107307195663452, 158.5869903564453]
[-43.41127014160156, 0.7798608541488647, 156.26071166992188]
[-45.27768325805664, 0.6512886881828308, 154.0010223388672]
[-47.11109924316406, 0.5262399315834045, 151.86273193359375]
[-48.94091796875, 0.4030036926269531, 149.84214782714844]
[-50.77583694458008, 0.2815271019935608, 147.8561553955078]
[-52.619163513183594, 0.16398224234580994, 145.87100219726562]
[-54.48332977294922, 0.05072043836116791, 143.8812255859375]
[-56.314815521240234, -0.05590145289897919, 141.9394073486328]
[-58.103755950927734, -0.15327762067317963, 140.04071044921875]
[-59.823333740234375, -0.24135041236877441, 138.22088623046875]
[-61.56585693359375, -0.3243723213672638, 136.38259887695312]
[-63.30061340332031, -0.3988741636276245, 134.54953002929688]
[-64.97642517089844, -0.4620799124240875, 132.78271484375]
[-66.51130676269531, -0.542617678642273, 130.9574737548828]
[-67.94270324707031, -0.646656334400177, 129.08750915527344]
[-69.3357925415039, -0.7287228107452393, 127.25975799560547]
[-70.66708374023438, -0.7844877243041992, 125.4315185546875]
[-71.93402099609375, -0.806078314781189, 123.64933013916016]
[-73.18978118896484, -0.8148013949394226, 121.882080078125]
[-74.31753540039062, -0.8116025924682617, 120.05531311035156]
[-75.23255920410156, -0.8039451837539673, 118.18463134765625]
[-75.95966339111328, -0.7978506088256836, 116.25498962402344]
[-76.61920166015625, -0.8006065487861633, 114.34269714355469]
[-77.26768493652344, -0.8066939115524292, 112.4908447265625]
[-77.9359130859375, -0.8129818439483643, 110.6985092163086]
[-78.5946273803711, -0.8215823173522949, 108.94164276123047]
[-79.26289367675781, -0.8290983438491821, 107.16153717041016]
[-79.79534912109375, -0.8362972736358643, 105.32911682128906]
[-80.2015380859375, -0.8428731560707092, 103.44462585449219]
[-80.60335540771484, -0.8489797711372375, 101.6138916015625]
[-81.02714538574219, -0.8558133840560913, 99.76459503173828]
[-81.53772735595703, -0.8626493811607361, 97.91300964355469]
[-82.04193878173828, -0.8682581186294556, 96.16510772705078]
[-82.53047180175781, -0.8741699457168579, 94.41311645507812]
[-83.04158020019531, -0.879978597164154, 92.58258056640625]
[-83.56088256835938, -0.8859436511993408, 90.4946517944336]
[-84.14714813232422, -0.8909560441970825, 88.02781677246094]
[-84.81393432617188, -0.8937748670578003, 85.19628143310547]
[-85.55133056640625, -0.8939367532730103, 82.00907135009766]
[-86.36656188964844, -0.8897822499275208, 78.48986053466797]
[-87.24837493896484, -0.8787690997123718, 74.69635772705078]
[-88.13751983642578, -0.8593403697013855, 70.86166381835938]
[-88.99240112304688, -0.8307321667671204, 67.15168762207031]
[-89.81124877929688, -0.8021003603935242, 63.572113037109375]
[-90.60415649414062, -0.7821503281593323, 60.10674285888672]
[-91.33631896972656, -0.7700151801109314, 56.803375244140625]
[-92.02133178710938, -0.7592963576316833, 53.6189079284668]
[-92.65229034423828, -0.7492351531982422, 50.549373626708984]
[-93.23121643066406, -0.7390634417533875, 47.61164474487305]
[-93.7853012084961, -0.7314242720603943, 44.77302932739258]
[-94.3372573852539, -0.7212424278259277, 41.92876434326172]
[-94.88070678710938, -0.7080341577529907, 39.06986999511719]
[-95.41710662841797, -0.6888165473937988, 36.2219352722168]
[-95.84803771972656, -0.66937655210495, 33.32758331298828]
[-96.24778747558594, -0.6463529467582703, 30.242610931396484]
[-96.6568374633789, -0.6128187775611877, 26.973918914794922]
[-97.0496826171875, -0.5654257535934448, 23.662368774414062]
[-97.41992950439453, -0.5037499666213989, 20.41046714782715]
[-97.77052307128906, -0.42715343832969666, 17.231449127197266]
[-97.91485595703125, -0.34471648931503296, 14.126823425292969]
[-97.96147155761719, -0.25006303191185, 11.168815612792969]
[-97.87026977539062, -0.14578062295913696, 8.347853660583496]
[-97.53227233886719, -0.03818090260028839, 5.706920623779297]
[-96.85386657714844, 0.0759134441614151, 3.3018741607666016]
[-95.81302642822266, 0.21288788318634033, 1.2335699796676636]
[-94.54135131835938, 0.35622480511665344, -0.5328974723815918]
[-93.15739440917969, 0.515775203704834, -2.043576717376709]
[-91.603271484375, 0.6532223224639893, -3.110535144805908]
[-89.95466613769531, 0.7738814949989319, -3.740983486175537]
[-88.35015106201172, 0.8932506442070007, -4.098943710327148]
[-86.80291748046875, 1.0421302318572998, -4.4906511306762695]
[-85.39144134521484, 1.2146294116973877, -4.8972249031066895]
[-84.07344055175781, 1.385721206665039, -5.2530198097229]
[-82.86149597167969, 1.5515326261520386, -5.577995777130127]
[-81.5972671508789, 1.7406084537506104, -5.934023857116699]
[-80.11182403564453, 1.9566478729248047, -6.255759239196777]
[-78.36345672607422, 2.214561700820923, -6.630918025970459]
[-76.40621948242188, 2.5135207176208496, -7.013139724731445]
[-74.32894134521484, 2.8274102210998535, -7.412384033203125]
[-72.0761489868164, 3.160696268081665, -7.725191116333008]
[-69.69659423828125, 3.501220941543579, -8.017799377441406]
[-67.17849731445312, 3.8431997299194336, -8.335323333740234]
[-64.48152160644531, 4.200472354888916, -8.662646293640137]
[-61.61235046386719, 4.574350357055664, -9.008383750915527]
[-58.499427795410156, 4.894090175628662, -9.383427619934082]
[-55.10073471069336, 5.0936360359191895, -9.718378067016602]
[-51.55522918701172, 5.216364860534668, -10.013775825500488]
[-47.74736785888672, 5.390469074249268, -10.301630973815918]
[-43.832923889160156, 5.586197853088379, -10.562592506408691]
[-39.801971435546875, 5.784314155578613, -10.815587997436523]
[-35.743858337402344, 5.985593795776367, -11.065951347351074]
[-31.80649757385254, 6.1828765869140625, -11.301687240600586]
[-28.028738021850586, 6.373883247375488, -11.448249816894531]
[-24.38759994506836, 6.556783199310303, -11.537090301513672]
[-20.836519241333008, 6.733740329742432, -11.524465560913086]
[-17.374597549438477, 6.906088829040527, -11.443005561828613]
[-14.002902030944824, 7.071183204650879, -11.383244514465332]
[-10.617079734802246, 7.233142852783203, -11.339241981506348]
[-7.34421443939209, 7.3868231773376465, -11.295818328857422]
[-4.187110424041748, 7.530625343322754, -11.257658004760742]
[-1.115414023399353, 7.665377616882324, -11.223909378051758]
[2.037353277206421, 7.797634124755859, -11.219079971313477]
[5.401520252227783, 7.930730819702148, -11.304905891418457]
[8.870983123779297, 8.059279441833496, -11.446738243103027]
[12.423381805419922, 8.180848121643066, -11.616390228271484]
[16.180818557739258, 8.296680450439453, -11.812542915344238]
[20.157392501831055, 8.406368255615234, -12.02774429321289]
[24.33769989013672, 8.505520820617676, -12.266841888427734]
[28.77823829650879, 8.589674949645996, -12.534515380859375]
[33.3828010559082, 8.655287742614746, -12.815123558044434]
[38.12346267700195, 8.70052719116211, -13.006359100341797]
[42.767642974853516, 8.722027778625488, -13.117430686950684]
[47.21396255493164, 8.70865249633789, -13.182148933410645]
[51.497074127197266, 8.652679443359375, -13.210461616516113]
[55.640106201171875, 8.560135841369629, -13.223767280578613]
[59.61445999145508, 8.443024635314941, -13.236565589904785]
[63.45794677734375, 8.307100296020508, -13.257308006286621]
[67.16992950439453, 8.149582862854004, -13.364906311035156]
[70.71627044677734, 7.971302032470703, -13.60283374786377]
[74.12809753417969, 7.780361175537109, -13.906349182128906]
[77.53622436523438, 7.575259685516357, -14.247852325439453]
[80.97876739501953, 7.355491638183594, -14.630463600158691]
[84.45626068115234, 7.124767303466797, -15.034890174865723]
[87.9986572265625, 6.885737419128418, -15.458684921264648]
[91.61026000976562, 6.638427257537842, -15.909191131591797]
[95.1865234375, 6.395895481109619, -16.372478485107422]
[98.68260192871094, 6.166090488433838, -16.83634376525879]
[102.08172607421875, 5.953654766082764, -17.298728942871094]
[105.37554168701172, 5.738729953765869, -17.954330444335938]
[108.5978012084961, 5.529703140258789, -18.74985694885254]
[111.72406005859375, 5.342148303985596, -19.579227447509766]
[114.72969818115234, 5.179572105407715, -20.42566680908203]
[117.6103515625, 5.024766445159912, -21.43193817138672]
[120.28418731689453, 4.851255416870117, -22.800357818603516]
[122.77039337158203, 4.646117210388184, -24.44293212890625]
[125.10813903808594, 4.430662155151367, -26.13048553466797]
[127.35991668701172, 4.217848777770996, -27.82823944091797]
[129.5707550048828, 4.0131144523620605, -29.55722427368164]
[131.73577880859375, 3.7878849506378174, -31.477741241455078]
[133.8451385498047, 3.559556245803833, -33.487709045410156]
[135.88076782226562, 3.3353841304779053, -35.511478424072266]
[137.81361389160156, 3.1190574169158936, -37.493263244628906]
[139.69195556640625, 2.9180359840393066, -39.456016540527344]
[141.56494140625, 2.7267343997955322, -41.433685302734375]
[143.51321411132812, 2.5381720066070557, -43.504295349121094]
[145.43582153320312, 2.3227102756500244, -45.86669158935547]
[147.37954711914062, 2.0959630012512207, -48.45779037475586]
[149.30592346191406, 1.8809078931808472, -51.14822006225586]
[151.1349334716797, 1.6847819089889526, -53.83092498779297]
[152.76832580566406, 1.495663046836853, -56.52829360961914]
[154.18382263183594, 1.3055880069732666, -59.291015625]
[155.40008544921875, 1.1171165704727173, -62.107452392578125]
[156.48155212402344, 0.9520562887191772, -64.86852264404297]
[157.39840698242188, 0.8042331337928772, -67.60960388183594]
[158.19866943359375, 0.681337833404541, -70.36067199707031]
[158.91281127929688, 0.5795820951461792, -73.03939819335938]
[159.4974822998047, 0.5025584101676941, -75.66210174560547]
[160.02337646484375, 0.46133852005004883, -78.23661041259766]
[160.31883239746094, 0.4328932762145996, -80.80587005615234]
[160.23129272460938, 0.3858243227005005, -83.38500213623047]
[159.7694854736328, 0.3234015107154846, -85.95026397705078]
[159.0675506591797, 0.2624247372150421, -88.392578125]
[158.11312866210938, 0.19709435105323792, -90.68785095214844]
[157.08311462402344, 0.15313704311847687, -92.96864318847656]
[155.8784942626953, 0.11826862394809723, -95.2093505859375]
[154.47816467285156, 0.08544927090406418, -97.35236358642578]
[152.8489990234375, 0.04712279140949249, -99.36150360107422]
[151.00660705566406, 0.0015682056546211243, -101.18042755126953]
[149.11109924316406, -0.026410788297653198, -102.92134857177734]
[147.24368286132812, -0.03486667573451996, -104.60369110107422]
[145.35427856445312, -0.027389593422412872, -106.27859497070312]
[143.4554443359375, -0.0065015703439712524, -107.93692779541016]
[141.39073181152344, 0.0059362053871154785, -109.50454711914062]
[139.07090759277344, 0.002570606768131256, -110.95790100097656]
[136.57705688476562, -0.006264716386795044, -112.26480102539062]
[134.08177185058594, -0.013282939791679382, -113.4476318359375]
[131.63348388671875, -0.018584154546260834, -114.55032348632812]
[129.23263549804688, -0.022372961044311523, -115.59841918945312]
[126.91446685791016, -0.0232115238904953, -116.59353637695312]
[124.63007354736328, -0.02133723348379135, -117.56787872314453]
[122.27965545654297, -0.030498042702674866, -118.43424987792969]
[119.90943145751953, -0.057736508548259735, -119.07018280029297]
[117.51732635498047, -0.09805164486169815, -119.529541015625]
[115.1493148803711, -0.13833804428577423, -119.9432144165039]
[112.83964538574219, -0.17615404725074768, -120.33118438720703]
[110.53994750976562, -0.21290594339370728, -120.70291137695312]
[108.22462463378906, -0.24737012386322021, -121.06876373291016]
[105.85285949707031, -0.26589956879615784, -121.57264709472656]
[103.4562759399414, -0.2773838937282562, -122.14915466308594]
[101.13794708251953, -0.2822290062904358, -122.72602844238281]
[98.82323455810547, -0.2861996591091156, -123.31329345703125]
[96.44384765625, -0.2940981388092041, -123.84371948242188]
[93.94629669189453, -0.2990141808986664, -124.38484191894531]
[91.3570556640625, -0.3035801351070404, -124.94699096679688]
[88.73168182373047, -0.3050832152366638, -125.50639343261719]
[86.05917358398438, -0.3049992024898529, -126.06773376464844]
[83.26211547851562, -0.30373987555503845, -126.62725067138672]
[80.25263214111328, -0.3003387153148651, -127.21639251708984]
[77.10718536376953, -0.29614898562431335, -127.76771545410156]
[73.97905731201172, -0.2985635995864868, -128.14712524414062]
[70.96484375, -0.31389492750167847, -128.24986267089844]
[68.1133804321289, -0.34401920437812805, -128.0001220703125]
[65.44701385498047, -0.3844596743583679, -127.45743560791016]
[62.890159606933594, -0.4300534129142761, -126.70941925048828]
[60.41355514526367, -0.4741150140762329, -125.85266876220703]
[57.95263671875, -0.5105020999908447, -124.98062133789062]
[55.59248352050781, -0.5354415774345398, -124.1561508178711]
[53.20044708251953, -0.552415132522583, -123.36287689208984]
[50.7462272644043, -0.5600359439849854, -122.56819915771484]
[48.28958511352539, -0.5654557943344116, -121.65084838867188]
[45.88505935668945, -0.5681073665618896, -120.66740417480469]
[43.5562744140625, -0.5666967630386353, -119.70370483398438]
[41.31084442138672, -0.5622239112854004, -118.76301574707031]
[39.171634674072266, -0.5597591996192932, -117.76809692382812]
[37.183380126953125, -0.5650179386138916, -116.55887603759766]
[35.43268966674805, -0.579081654548645, -115.09596252441406]
[33.800804138183594, -0.5969113707542419, -113.52935028076172]
[32.20466613769531, -0.6101321578025818, -111.99527740478516]
[30.66669273376465, -0.622231125831604, -110.50000762939453]
[29.13826560974121, -0.6340838074684143, -108.9967041015625]
[27.552635192871094, -0.6458472609519958, -107.39553833007812]
[25.97852325439453, -0.657522976398468, -105.7052001953125]
[24.294662475585938, -0.6685013771057129, -103.86796569824219]
[22.565439224243164, -0.6801296472549438, -101.89085388183594]
[20.874217987060547, -0.6912583708763123, -99.83897399902344]
[19.30082893371582, -0.7032382488250732, -97.75530242919922]
[17.831933975219727, -0.7155491709709167, -95.71993255615234]
[16.408084869384766, -0.7265709042549133, -93.73746490478516]
[15.044317245483398, -0.7348979115486145, -91.82310485839844]
[13.766607284545898, -0.7445682287216187, -89.95047760009766]
[12.577005386352539, -0.7536845207214355, -88.10604858398438]
[11.475253105163574, -0.761847198009491, -86.26592254638672]
[10.496495246887207, -0.7706142067909241, -84.39051818847656]
[9.622332572937012, -0.7806366682052612, -82.42990112304688]
[8.769275665283203, -0.7898868322372437, -80.4601821899414]
[7.927954196929932, -0.7978246212005615, -78.54206085205078]
[7.112521648406982, -0.8051745295524597, -76.67953491210938]
[6.322704315185547, -0.8114349842071533, -74.87965393066406]
[5.563619136810303, -0.8171375393867493, -73.13782501220703]
[4.829586982727051, -0.821597158908844, -71.447998046875]
[4.113427639007568, -0.8264663219451904, -69.79700469970703]
[3.3697121143341064, -0.8312869071960449, -68.07174682617188]
[2.5567243099212646, -0.8363567590713501, -66.20356750488281]
[1.7977246046066284, -0.8399266004562378, -64.17756652832031]
[1.0246542692184448, -0.8434712290763855, -62.02452850341797]
[0.2572939395904541, -0.8482410907745361, -59.78955841064453]
[-0.4480553865432739, -0.8517320156097412, -57.599979400634766]
[-1.1242897510528564, -0.8557907342910767, -55.49079895019531]
[-1.6556841135025024, -0.8605977296829224, -53.38170623779297]
[-2.0525705814361572, -0.864855170249939, -51.32799530029297]
[-2.214649200439453, -0.8680832982063293, -49.24906539916992]
[-2.169621467590332, -0.869952917098999, -47.25999069213867]
[-2.035892963409424, -0.8720065951347351, -45.2713508605957]
[-1.9102517366409302, -0.8741781711578369, -43.23389434814453]
[-1.7909443378448486, -0.8759156465530396, -41.17817687988281]
[-1.7162281274795532, -0.8775535821914673, -39.17205047607422]
[-1.651557445526123, -0.8793764710426331, -37.22850799560547]
[-1.5775796175003052, -0.8817098140716553, -35.21967697143555]
[-1.5097243785858154, -0.8832718729972839, -33.25495910644531]
[-1.4451829195022583, -0.8847836852073669, -31.328039169311523]
[-1.3808107376098633, -0.8870889544487, -29.30510902404785]
[-1.3076838254928589, -0.8891378045082092, -27.14748191833496]
[-1.1195673942565918, -0.8896875977516174, -24.93663215637207]
[-0.8252816200256348, -0.8895387649536133, -22.68917465209961]
[-0.5349398255348206, -0.8889559507369995, -20.511201858520508]
[-0.2580118477344513, -0.8881706595420837, -18.440406799316406]
[0.009828831069171429, -0.8874912261962891, -16.442750930786133]
[0.2716897428035736, -0.8865614533424377, -14.476696014404297]
[0.5349469780921936, -0.8851791024208069, -12.49740982055664]
[0.7902784943580627, -0.8832001686096191, -10.538829803466797]
[1.052398443222046, -0.8809881806373596, -8.549440383911133]
[1.31592857837677, -0.8781297206878662, -6.5612688064575195]
[1.570581078529358, -0.8746054172515869, -4.653802394866943]
[1.6137370109558105, -0.8718098402023315, -2.830416679382324]
[1.6365979194641113, -0.8688086271286011, -1.0931862592697144]
